-2.066664415678437283e+00,-1.039090156643584173e+00
-2.059346285305267976e+00,-1.235577361035588018e+00
-1.901888861323325131e+00,-9.831392377761377643e-01
-1.755470396143042011e+00,-1.134654374310290814e+00
-1.962964514669959470e+00,-9.466223444281895993e-01
-1.963164321314947669e+00,-1.201826907975903858e+00
-1.687317990510672105e+00,-9.358092723547632996e-01
-1.970188328533168942e+00,-1.123102794349077005e+00
-1.712345355957549664e+00,-1.100172153235294381e+00
-2.013166307141188049e+00,-1.216466560806662489e+00
-2.184906260923296983e+00,-1.111551214387863196e+00
-1.770012340379421900e+00,-1.114647619839174819e+00
-2.016574976065948821e+00,-1.165474200854833331e+00
-1.790818084874162386e+00,-7.730725210224440591e-01
-2.549451327418467361e+00,-8.974921379406665123e-01
-2.145484012817513886e+00,-9.083135425958601683e-01
-2.162933833455006560e+00,-9.318169126612610986e-01
-2.034318919858389751e+00,-1.071214480155057158e+00
-2.249443328262206165e+00,-1.338128070018388405e+00
-1.898627253976037821e+00,-9.752500523453782044e-01
-2.170770792700604801e+00,-1.410023138683524246e+00
-1.894864854105102969e+00,-1.061863351402964506e+00
-1.862266806572553612e+00,-5.246970024364208118e-01
-1.876966986011475269e+00,-1.446948574756211858e+00
-1.620185206274378231e+00,-1.317155116325156916e+00
-2.034578334294604218e+00,-1.408561195362190821e+00
-1.855554958858059100e+00,-1.254853940200683748e+00
-2.091838842702789414e+00,-1.144571492141526647e+00
-2.170364316686916428e+00,-1.131557968858979191e+00
-1.752061727218281018e+00,-1.185646734262119972e+00
-1.855761628226759274e+00,-1.278114546477514546e+00
-2.205964557130538850e+00,-1.339266788049148893e+00
-1.952685762828162863e+00,-7.855133153533744306e-01
-2.167049964272115492e+00,-8.095826744979170986e-01
-2.013166307141188049e+00,-1.216466560806662489e+00
-2.177181654536437971e+00,-1.029573248955321318e+00
-2.417074013950916811e+00,-1.123503004492049318e+00
-2.013166307141188049e+00,-1.216466560806662489e+00
-1.733704638043451762e+00,-9.781806788605201808e-01
-2.045305133592535185e+00,-1.161081631018358262e+00
-2.009144492834038953e+00,-9.657331446571152389e-01
-1.976557618926556570e+00,-1.429706667864067748e+00
-1.676538446145226846e+00,-8.692027277682935482e-01
-1.762280871268852023e+00,-1.264613611677516403e+00
-1.666512246015931842e+00,-1.277384371171494060e+00
-1.951883984425853535e+00,-1.229722847877779301e+00
-1.881030371761070796e+00,-1.010628227662565992e+00
-1.776829678228944331e+00,-1.012662899935516725e+00
-2.109789455863930741e+00,-1.073572377718581494e+00
-2.048713802517296845e+00,-1.110089271066529548e+00
-1.543388574657676093e+00,-4.537229323481751564e+00
-1.160227004551461993e+00,-4.206475629320213905e+00
-1.364624613657346108e+00,-4.720868783527377488e+00
-1.055826504374346664e+00,-3.953305738045451712e+00
-1.299733815372262180e+00,-4.529912867002609644e+00
-8.134327445724440775e-01,-4.094331027796751954e+00
-9.242968516529052048e-01,-4.281137138273614084e+00
-1.023175711774283236e+00,-3.102053280148605374e+00
-1.410958516122611472e+00,-4.449154081102832059e+00
-7.337405876147657935e-01,-3.586035150535966221e+00
-1.112740144560068867e+00,-3.492993016659661887e+00
-9.916363052578993642e-01,-3.923051900580051488e+00
-1.557030113080432265e+00,-4.101315926403552581e+00
-9.530866169707186142e-01,-4.358886720096558420e+00
-1.159214245879096383e+00,-3.394340726123410867e+00
-1.496448389533734380e+00,-4.275274292534038345e+00
-6.164587559747569667e-01,-4.011622887058188702e+00
-1.213938645181122933e+00,-3.820415874163083814e+00
-1.295824353923853645e+00,-4.675407711442783665e+00
-1.188410487210597166e+00,-3.750555477770899593e+00
-5.377793576894439598e-01,-4.315461912994208227e+00
-1.363611854984981386e+00,-3.908733880330573562e+00
-1.085422358995822512e+00,-4.819929616788368953e+00
-1.046360704559926358e+00,-4.349127048619726210e+00
-1.410552040108923988e+00,-4.170688911278286781e+00
-1.449914680423481039e+00,-4.291784431410869516e+00
-1.457544970300378884e+00,-4.746730051156301755e+00
-1.128340729812616683e+00,-4.831151231586535033e+00
-9.455090721613343963e-01,-4.218027209281427936e+00
-1.467059204280957818e+00,-3.431911020067952123e+00
-1.191819156135358826e+00,-3.699563117819070879e+00
-1.274107029990420914e+00,-3.599936295478937343e+00
-1.249132409611057204e+00,-3.749659523528708682e+00
-6.706755000294234437e-01,-4.764144476857092414e+00
-4.662251458560253692e-01,-3.935665213719626188e+00
-7.702480965957249071e-01,-3.977706655062334562e+00
-1.314275759608642735e+00,-4.509906112531493427e+00
-1.456991432709215717e+00,-4.527146426714346639e+00
-8.809192597549106996e-01,-3.677364244720600084e+00
-9.986603124761217476e-01,-3.844327786953225079e+00
-8.026532002069983740e-01,-4.027724483210281647e+00
-9.744458990566211565e-01,-4.236895245721783887e+00
-1.227773127525154884e+00,-3.871650997903482772e+00
-1.126875612782761493e+00,-3.194521092363999948e+00
-9.167261695672326294e-01,-3.908333670187601250e+00
-9.384391825993105840e-01,-3.750721256707069795e+00
-9.346767827283752883e-01,-3.837334555764656763e+00
-1.260318429990191502e+00,-4.094731237939724267e+00
-1.262307864228898513e+00,-2.953138804966545905e+00
-1.013202256712502747e+00,-3.824321032482108862e+00
1.606352518271347840e-02,-5.447788534649460779e+00
-4.234054024505483627e-01,-4.784559774052947745e+00
-8.499445644547573009e-01,-5.719086361767499405e+00
-5.244568414941285228e-01,-5.170864176938959389e+00
-4.168406163135290887e-01,-5.455835166434622963e+00
-8.759319435064866211e-01,-6.381498036914530658e+00
-1.688656086646617149e-01,-4.082464555126732009e+00
-9.260282458426872809e-01,-6.023170035432398706e+00
-8.393716894580128818e-01,-5.675740423457860118e+00
-5.242960544692307767e-01,-5.693633636863314251e+00
-7.739620623005016853e-01,-4.810091076518824060e+00
-7.742214767367167072e-01,-5.147437791725958611e+00
-8.243636614167194621e-01,-5.335139856445011652e+00
-4.230516715043748377e-01,-4.820180713158705998e+00
-2.330948274011984678e-01,-4.890692416064199577e+00
-5.019240137109640676e-01,-5.003490208041283083e+00
-6.960497336987635508e-01,-5.124830375902748258e+00
-6.400961071178915551e-01,-6.083191891555040698e+00
-8.508630066171630757e-01,-6.904188919277194358e+00
-8.958788536300479333e-01,-4.936962532247524571e+00
-6.777385268677352803e-01,-5.463394386702334238e+00
-3.121279566326853327e-01,-4.551232451022424463e+00
-9.906180582491104225e-01,-6.563832999993227446e+00
-9.312196796374553331e-01,-4.807324636230561055e+00
-5.636128124399858441e-01,-5.268699090794712880e+00
-9.149892870410277768e-01,-5.619216775638795625e+00
-8.774621566639925208e-01,-4.647354325186505264e+00
-6.952367816713868054e-01,-4.567900036253658591e+00
-5.311202550424648505e-01,-5.359704959688773585e+00
-1.136731226649376314e+00,-5.528941082050755185e+00
-1.097267407101147452e+00,-6.012757173501944941e+00
-1.004847842981761996e+00,-5.892393421384675811e+00
-4.987747592224173188e-01,-5.391829283200246792e+00
-8.997883150784569128e-01,-4.791467687807349662e+00
-5.893545025029240936e-01,-5.129876136192843994e+00
-1.136069647100831137e+00,-6.146213026463454909e+00
-1.874683868282812638e-01,-5.091165240277231163e+00
-5.923498326902852940e-01,-5.032362563687353685e+00
-6.700623546470351188e-01,-4.462418700755716117e+00
-9.208397485619869149e-01,-5.251127218739520153e+00
-5.736848949130831654e-01,-5.406547513592697030e+00
-1.005975891026936520e+00,-5.112868369276482028e+00
-4.234054024505483627e-01,-4.784559774052947745e+00
-5.027369657383394808e-01,-5.560420547690373638e+00
-4.342308291597956060e-01,-5.397196384840604821e+00
-8.343829988223018246e-01,-5.158902170312694047e+00
-9.060979976806177172e-01,-5.015929409662921223e+00
-7.811858761637120452e-01,-4.986571526439711910e+00
-2.445818336589921094e-01,-4.886057082439155153e+00
-4.451184154826252071e-01,-4.626947360572417622e+00
