-1.485513392798349486e+00,-2.211337840621589557e+00
-1.252002740286916271e+00,-1.866895311516093559e+00
-1.342611411341391170e+00,-2.027457165334936029e+00
-1.174544075108771013e+00,-1.883884296960925742e+00
-1.503547952351806938e+00,-2.273652064268580464e+00
-1.394220435893028798e+00,-2.515224868706668282e+00
-1.273042617882458760e+00,-2.185627593043283134e+00
-1.371985608513289767e+00,-2.103698378772440591e+00
-1.111107162381332891e+00,-1.776405592837209335e+00
-1.307549781295141766e+00,-1.833192573376295265e+00
-1.569427141917808965e+00,-2.323512460583955441e+00
-1.276492383781687501e+00,-2.058373140570281645e+00
-1.303101100905202481e+00,-1.797419924576867389e+00
-1.364335574787779004e+00,-1.881740564958204409e+00
-1.930487331165008813e+00,-2.651126761970052037e+00
-1.757287028691604691e+00,-2.936230126700535070e+00
-1.612378643683270552e+00,-2.658958494806110906e+00
-1.413938195788041696e+00,-2.276117311722166914e+00
-1.488714746133921407e+00,-2.397523005636397642e+00
-1.474932831676916356e+00,-2.441214323654225637e+00
-1.344813850186252990e+00,-2.050615229077314972e+00
-1.364846238721130200e+00,-2.438983655269163275e+00
-1.639798814573964814e+00,-2.398602027013427396e+00
-1.030146354033788292e+00,-2.163855755377460444e+00
-1.112873727939006185e+00,-1.950572920995699677e+00
-1.163400472783816308e+00,-1.799724414305020836e+00
-1.174295662545113750e+00,-2.197323914448734428e+00
-1.451450677242810405e+00,-2.180100349935378379e+00
-1.467478833244892478e+00,-2.149023616974599094e+00
-1.178992755498709855e+00,-1.919656945760353839e+00
-1.160958195945252402e+00,-1.857342722113362932e+00
-1.310742560060758288e+00,-2.252040984328190998e+00
-1.754094249925987725e+00,-2.517381715748638449e+00
-1.837000509984782148e+00,-2.699192480375663283e+00
-1.307549781295141766e+00,-1.833192573376295265e+00
-1.458581472465014794e+00,-2.077478319375743787e+00
-1.621960290313994024e+00,-2.266054910501046127e+00
-1.307549781295141766e+00,-1.833192573376295265e+00
-1.204158110274371696e+00,-1.879349138847709710e+00
-1.392462444905310681e+00,-2.108394294611089403e+00
-1.448000911343581221e+00,-2.307354802408378980e+00
-8.834799780377362577e-01,-1.479753549387458067e+00
-1.281180902165328428e+00,-2.013369417818989149e+00
-1.069656664469976759e+00,-2.393892996135528861e+00
-1.185199426876366813e+00,-2.362260168655360371e+00
-1.159950706884587124e+00,-1.926978866778022104e+00
-1.491968476739663707e+00,-2.340501446028787402e+00
-1.267595023001809817e+00,-1.986827842971426117e+00
-1.548950305525787607e+00,-2.318816544745306629e+00
-1.388013764515371840e+00,-2.072621645811661750e+00
8.996684819828738577e-01,-1.691081060985526907e+00
9.850255934501865873e-01,-1.799551850103932482e+00
1.139311015225801915e+00,-1.612287663712094421e+00
1.100071530729263003e+00,-1.204305442608483157e+00
1.173133892787639354e+00,-1.500273801475161761e+00
1.139258637955631537e+00,-1.369080939089675875e+00
1.147645334802158468e+00,-1.854778731801778990e+00
5.879186984720641274e-01,-1.300335519434521636e+00
9.709952664295247171e-01,-1.442420914598295578e+00
1.024492101186159410e+00,-1.558971130660533388e+00
8.305665497570773326e-01,-9.651240642808907033e-01
1.000813911458567240e+00,-1.749852211513990063e+00
8.214731536837132087e-01,-9.664364690143562031e-01
1.199494197347498181e+00,-1.447787399980767553e+00
6.303681108741302497e-01,-1.754795821460412908e+00
8.359917312617337615e-01,-1.717783393558522276e+00
1.225863076477311076e+00,-1.627964244423461215e+00
7.244093986879238667e-01,-1.256161928240395964e+00
1.411093225689011632e+00,-1.120058623570237666e+00
8.048819564781095615e-01,-1.249396101742117349e+00
1.465754022283895619e+00,-1.862610464637837637e+00
7.846535326497456886e-01,-1.567531635068575291e+00
1.493240409250798040e+00,-1.182051331766362789e+00
1.094855199272360968e+00,-1.251218318293973120e+00
8.483302833708853408e-01,-1.540829302495579478e+00
8.949799635992334856e-01,-1.646077338234233745e+00
1.149207290496389922e+00,-1.377715264840809750e+00
1.416466029923497683e+00,-1.629511228225450692e+00
1.182467126854705786e+00,-1.579737768292417188e+00
4.561603193400603495e-01,-1.400056312065271369e+00
8.093306368680482921e-01,-1.213623452942689473e+00
6.832158879101802862e-01,-1.184777388366972772e+00
7.584806888134185687e-01,-1.457587683491271990e+00
1.658302427441332272e+00,-1.294896521272551615e+00
1.266816749261352903e+00,-1.618572412746163591e+00
1.061485344137621745e+00,-1.979567936821193141e+00
1.071185584114722866e+00,-1.674762645084517665e+00
1.154415047383337223e+00,-1.098139143218231695e+00
8.645544746664538538e-01,-1.642138928321749347e+00
1.023048738838306271e+00,-1.338325721579762595e+00
1.131120353672762091e+00,-1.196822763865381889e+00
1.106443249454458932e+00,-1.550730945991268150e+00
8.515316367064574843e-01,-1.354644137480771615e+00
6.059532580255215795e-01,-1.238021295787531173e+00
1.034628214450449724e+00,-1.405175103339969755e+00
8.270419932116858108e-01,-1.546121966534959702e+00
9.371285861674719664e-01,-1.543891298149897562e+00
8.892839561549271687e-01,-1.531437470818281854e+00
4.164101709101702964e-01,-1.549317181272618749e+00
9.211004301653896720e-01,-1.512814565189118721e+00
2.500836283213213385e+00,-1.970659686883786677e+00
1.913981691256297690e+00,-1.479843102896985618e+00
2.111715439924688908e+00,-1.584012117258609909e+00
1.935697280132730791e+00,-1.392896457336628924e+00
2.251612103339561965e+00,-1.656549499852154828e+00
2.391108121597507186e+00,-1.355957850777830265e+00
1.704908304969464883e+00,-1.389601078325874983e+00
2.112705779845444276e+00,-1.188321770049093562e+00
2.116914622241680810e+00,-1.071772749698944649e+00
2.255550119796149389e+00,-2.178019941363685597e+00
1.649662053795066807e+00,-1.912544682296304366e+00
1.900199776799292639e+00,-1.436151784879158066e+00
1.954987741310510341e+00,-1.713657995842106319e+00
2.028516964602022465e+00,-1.441839785712495381e+00
2.233346280362357827e+00,-1.870750597885512345e+00
1.993943585113131745e+00,-2.030320366709665869e+00
1.801692659455649936e+00,-1.505231835024427145e+00
2.188654866599527793e+00,-1.925580947077313088e+00
2.831445918850695964e+00,-1.114371931300492946e+00
1.724744658210856096e+00,-9.309997592686363177e-01
2.109717610943268706e+00,-1.910066319803467749e+00
1.878920061210048509e+00,-1.674107694855625716e+00
2.430618432033695875e+00,-1.125920610019761403e+00
1.630943208390764454e+00,-1.510410024039374299e+00
1.969009493761217033e+00,-1.838125685410654686e+00
1.854029772558348554e+00,-1.492456492241945876e+00
1.558369096889746341e+00,-1.608657654211225640e+00
1.556362693338371628e+00,-1.702048610818995389e+00
2.168457430717110945e+00,-1.524920646991370088e+00
1.678823066533568831e+00,-1.300744084119233035e+00
2.093236432514088197e+00,-1.262653830552401324e+00
1.840932143952189293e+00,-1.913214056128038187e+00
2.240032627727418735e+00,-1.589700118091947667e+00
1.486785325309483818e+00,-1.311214937173560413e+00
1.805884352711976337e+00,-9.233563228001024914e-01
2.241083919488299436e+00,-1.669879741441937071e+00
2.172591482467185031e+00,-2.116623981368291663e+00
1.783658099902192484e+00,-1.567546058671418052e+00
1.522299977782831881e+00,-1.733286101505207011e+00
1.841459957025450400e+00,-1.821297457691255284e+00
2.206218324735535585e+00,-1.934377226265968197e+00
1.820991695203383998e+00,-2.058656619466992410e+00
1.913981691256297690e+00,-1.479843102896985618e+00
2.239273551230410941e+00,-1.833503590915097403e+00
2.255310281802447747e+00,-2.097243569812964115e+00
1.954996315880464852e+00,-1.946321241779193523e+00
1.834080749239589192e+00,-1.405235809643811784e+00
1.781224397633584200e+00,-1.742590996800164049e+00
2.012414017953777279e+00,-2.119015407478785917e+00
1.706395470017533889e+00,-1.620789966091976231e+00
